2	28	0.157
5	31	0.083
5	91	0.151
5	423	0.060
8	684	0.237
9	38	0.159
12	14	0.219
12	415	0.242
12	660	0.056
13	436	0.118
13	491	0.116
13	542	0.239
14	12	0.182
14	30	0.101
14	258	0.050
15	132	0.241
15	160	0.260
15	261	0.116
16	158	0.300
19	574	0.147
20	31	0.140
20	93	0.101
20	567	0.160
21	118	0.150
21	166	0.269
21	419	0.251
22	32	0.211
22	199	0.174
22	603	0.299
23	165	0.277
23	461	0.277
23	617	0.229
23	655	0.092
24	100	0.224
24	103	0.141
24	238	0.201
24	427	0.176
25	211	0.233
25	222	0.131
25	394	0.285
25	426	0.248
26	45	0.076
26	106	0.070
26	274	0.236
26	458	0.203
26	689	0.125
28	2	0.271
28	119	0.193
28	307	0.295
28	695	0.250
28	721	0.080
29	689	0.074
30	14	0.300
30	47	0.126
30	122	0.086
30	509	0.224
31	5	0.205
31	20	0.134
31	260	0.239
31	414	0.080
31	423	0.090
32	22	0.079
32	199	0.106
32	393	0.190
32	743	0.169
33	51	0.261
33	334	0.200
33	619	0.209
34	233	0.181
34	352	0.128
34	507	0.196
34	602	0.169
34	693	0.278
35	102	0.263
35	402	0.181
35	649	0.099
36	164	0.144
36	212	0.112
36	424	0.200
36	626	0.182
37	65	0.081
37	651	0.196
37	743	0.057
38	9	0.178
38	125	0.153
38	290	0.144
38	375	0.187
39	153	0.112
39	177	0.201
39	293	0.275
39	412	0.144
39	422	0.087
40	240	0.207
40	417	0.172
40	489	0.136
41	46	0.274
41	354	0.191
41	572	0.188
42	68	0.110
42	179	0.155
42	379	0.089
43	49	0.294
43	85	0.188
43	673	0.195
44	283	0.071
44	324	0.196
44	467	0.222
44	581	0.228
45	26	0.275
45	582	0.199
45	632	0.152
45	670	0.177
45	742	0.112
46	41	0.287
46	93	0.117
46	354	0.133
46	572	0.089
47	30	0.260
47	122	0.177
47	173	0.299
47	509	0.132
47	512	0.083
48	76	0.199
48	143	0.098
48	519	0.077
48	696	0.085
49	43	0.125
49	85	0.138
49	502	0.263
50	162	0.137
50	529	0.158
50	663	0.150
51	33	0.212
51	180	0.235
51	334	0.152
51	619	0.082
52	72	0.074
52	315	0.226
52	406	0.268
53	150	0.170
53	154	0.142
53	387	0.288
53	448	0.153
54	242	0.182
54	373	0.148
54	450	0.241
54	534	0.187
55	127	0.293
55	144	0.085
55	420	0.086
55	676	0.288
56	205	0.260
56	262	0.190
56	587	0.102
57	266	0.154
57	350	0.097
57	429	0.136
58	398	0.071
58	485	0.274
58	712	0.269
59	189	0.193
59	480	0.207
59	670	0.235
60	193	0.218
60	294	0.121
60	510	0.211
60	511	0.275
61	140	0.257
61	306	0.063
61	405	0.201
61	426	0.150
62	297	0.287
62	417	0.160
62	444	0.150
62	537	0.085
63	438	0.165
63	449	0.266
63	508	0.165
63	700	0.066
64	320	0.119
64	363	0.051
64	611	0.135
65	37	0.078
65	397	0.279
65	443	0.296
65	629	0.212
66	469	0.124
66	495	0.297
66	710	0.123
67	97	0.221
67	539	0.189
67	590	0.290
67	624	0.138
67	628	0.292
68	42	0.193
68	110	0.062
68	379	0.099
68	404	0.085
68	584	0.163
69	186	0.139
69	235	0.169
69	409	0.114
69	434	0.095
69	500	0.177
70	104	0.266
70	147	0.293
70	555	0.102
70	635	0.170
71	535	0.251
71	551	0.093
71	664	0.299
72	52	0.267
72	84	0.253
72	185	0.153
72	406	0.224
73	218	0.070
73	259	0.235
73	396	0.127
73	559	0.102
73	713	0.079
74	77	0.272
74	280	0.213
74	541	0.122
75	391	0.161
75	680	0.107
75	688	0.078
76	48	0.164
76	517	0.122
76	696	0.139
77	74	0.058
77	221	0.174
77	280	0.063
77	541	0.290
78	129	0.071
78	391	0.196
78	579	0.077
78	601	0.249
79	252	0.238
79	340	0.064
79	476	0.183
79	499	0.145
80	306	0.261
80	310	0.052
80	312	0.119
80	711	0.148
81	347	0.185
81	349	0.140
81	419	0.090
81	532	0.141
82	318	0.150
82	576	0.197
82	605	0.085
83	341	0.087
83	557	0.202
83	631	0.054
83	671	0.205
84	72	0.233
84	151	0.113
84	406	0.250
85	43	0.158
85	49	0.270
85	275	0.261
86	131	0.082
86	268	0.266
86	275	0.145
86	659	0.062
87	251	0.147
87	359	0.267
87	407	0.135
87	678	0.124
88	232	0.189
88	440	0.265
88	446	0.252
88	470	0.259
89	109	0.241
89	305	0.152
89	390	0.090
90	152	0.292
90	176	0.256
90	353	0.113
90	522	0.236
91	5	0.276
91	116	0.192
91	426	0.172
91	724	0.065
92	101	0.133
92	366	0.185
92	616	0.188
92	746	0.141
93	20	0.075
93	46	0.111
93	567	0.208
94	356	0.115
94	370	0.078
94	449	0.169
95	325	0.188
95	329	0.277
95	704	0.215
96	150	0.216
96	281	0.191
96	367	0.123
97	67	0.277
97	284	0.109
97	296	0.069
97	672	0.115
97	691	0.158
98	250	0.188
98	497	0.157
98	607	0.284
98	634	0.197
98	648	0.077
99	380	0.236
99	554	0.053
99	666	0.138
100	24	0.139
100	103	0.282
100	289	0.142
100	427	0.151
100	715	0.211
101	92	0.146
101	401	0.115
101	616	0.182
102	35	0.295
102	126	0.123
102	598	0.221
103	24	0.137
103	100	0.214
103	427	0.175
103	558	0.245
103	715	0.065
104	70	0.256
104	147	0.270
104	635	0.213
105	159	0.079
105	665	0.097
105	733	0.283
106	26	0.150
106	29	0.264
106	274	0.089
106	689	0.258
107	203	0.269
107	344	0.264
107	569	0.213
107	588	0.290
108	228	0.103
108	452	0.215
108	471	0.149
108	573	0.115
109	89	0.175
109	390	0.193
109	508	0.241
110	11	0.125
110	68	0.116
110	179	0.160
110	379	0.109
111	133	0.273
111	594	0.170
111	627	0.097
111	642	0.260
111	716	0.117
112	162	0.078
112	529	0.181
112	663	0.226
113	137	0.226
113	474	0.129
113	613	0.177
114	274	0.289
114	389	0.067
114	445	0.051
114	468	0.112
114	493	0.060
115	187	0.234
115	399	0.132
115	639	0.198
115	719	0.065
116	91	0.204
116	270	0.064
116	410	0.270
116	724	0.180
117	323	0.241
117	327	0.080
117	388	0.272
117	677	0.300
118	21	0.057
118	248	0.130
118	419	0.209
119	28	0.186
119	307	0.184
119	695	0.251
120	197	0.058
120	268	0.157
120	365	0.264
121	154	0.240
121	372	0.270
121	543	0.113
122	30	0.065
122	47	0.205
122	173	0.197
122	258	0.138
122	483	0.147
123	210	0.140
123	236	0.240
123	477	0.249
124	155	0.254
124	392	0.290
124	488	0.116
125	9	0.297
125	38	0.272
125	290	0.220
125	372	0.140
126	102	0.111
126	327	0.208
126	598	0.083
126	606	0.095
126	649	0.296
127	55	0.128
127	253	0.172
127	420	0.150
128	201	0.091
128	208	0.231
128	309	0.255
129	78	0.253
129	579	0.079
129	601	0.127
129	704	0.276
130	167	0.295
130	438	0.117
130	725	0.081
131	86	0.265
131	144	0.230
131	207	0.260
131	268	0.209
131	275	0.160
132	15	0.052
132	160	0.154
132	222	0.112
132	261	0.079
133	111	0.236
133	377	0.103
133	716	0.201
134	138	0.213
134	633	0.107
134	647	0.248
135	189	0.106
135	663	0.066
135	670	0.150
136	227	0.250
136	547	0.082
136	581	0.296
136	599	0.154
136	739	0.287
137	113	0.295
137	474	0.198
137	613	0.217
138	134	0.170
138	247	0.244
138	483	0.186
138	633	0.181
139	171	0.213
139	433	0.171
139	669	0.252
140	61	0.290
140	622	0.111
140	682	0.249
141	185	0.106
141	337	0.060
141	608	0.062
141	708	0.235
142	383	0.147
142	627	0.171
142	694	0.166
142	707	0.092
142	732	0.249
143	48	0.145
143	466	0.265
143	741	0.114
144	55	0.141
144	131	0.272
144	420	0.087
144	676	0.187
145	194	0.264
145	262	0.117
145	317	0.243
146	516	0.286
146	576	0.055
146	614	0.249
147	70	0.208
147	104	0.109
147	555	0.276
148	403	0.084
148	708	0.298
148	747	0.152
149	220	0.110
149	321	0.223
149	431	0.182
149	531	0.077
149	714	0.197
150	53	0.232
150	96	0.096
150	367	0.128
150	448	0.219
150	482	0.195
151	84	0.182
151	406	0.074
151	452	0.241
151	489	0.212
152	90	0.208
152	170	0.179
152	174	0.206
152	674	0.107
152	730	0.186
153	39	0.127
153	177	0.193
153	298	0.144
153	412	0.065
154	53	0.145
154	121	0.139
154	209	0.123
154	339	0.093
154	543	0.127
155	124	0.279
155	392	0.095
155	488	0.148
156	465	0.120
156	575	0.138
156	591	0.217
157	344	0.172
157	442	0.225
157	707	0.150
158	16	0.207
158	432	0.125
158	481	0.253
158	647	0.091
159	105	0.067
159	665	0.055
159	733	0.292
160	15	0.262
160	132	0.220
160	261	0.158
161	311	0.123
161	361	0.276
161	416	0.296
161	564	0.117
161	726	0.130
162	50	0.175
162	112	0.219
162	529	0.262
162	663	0.263
163	229	0.060
163	351	0.147
163	453	0.077
164	36	0.249
164	212	0.191
164	626	0.132
165	23	0.095
165	461	0.179
165	655	0.231
165	658	0.157
166	10	0.149
166	21	0.074
166	692	0.113
166	740	0.232
167	1	0.177
167	130	0.115
167	286	0.228
167	486	0.152
167	725	0.073
168	332	0.200
168	464	0.199
168	530	0.298
168	550	0.160
169	435	0.241
169	717	0.123
169	745	0.088
170	152	0.131
170	174	0.241
170	192	0.066
170	657	0.108
170	674	0.058
171	139	0.084
171	433	0.285
171	669	0.216
172	208	0.106
172	273	0.137
172	578	0.194
173	47	0.158
173	122	0.061
173	509	0.203
174	152	0.100
174	170	0.074
174	674	0.070
175	4	0.166
175	368	0.254
175	563	0.257
175	735	0.277
176	90	0.297
176	353	0.287
176	471	0.265
176	522	0.247
176	735	0.212
177	39	0.130
177	153	0.086
177	188	0.221
177	540	0.189
178	630	0.053
178	641	0.123
178	693	0.065
179	42	0.275
179	110	0.223
179	379	0.136
180	51	0.265
180	304	0.114
180	517	0.086
181	223	0.176
181	561	0.171
181	593	0.241
182	224	0.293
182	302	0.143
182	309	0.242
183	27	0.222
183	228	0.080
183	565	0.113
184	198	0.292
184	206	0.225
184	699	0.287
185	72	0.116
185	141	0.218
185	337	0.058
185	608	0.226
186	69	0.286
186	235	0.212
186	434	0.182
186	500	0.298
186	621	0.218
187	115	0.166
187	249	0.247
187	719	0.235
188	177	0.056
188	215	0.123
188	422	0.130
188	746	0.223
189	59	0.077
189	135	0.258
189	421	0.073
189	670	0.249
190	600	0.246
190	609	0.138
190	671	0.069
191	364	0.262
191	562	0.064
191	667	0.279
192	170	0.142
192	214	0.143
192	648	0.214
192	654	0.070
192	730	0.103
193	60	0.184
193	294	0.286
193	510	0.291
193	511	0.286
193	612	0.089
194	18	0.217
194	145	0.244
194	285	0.098
194	623	0.139
195	10	0.147
195	475	0.274
195	692	0.120
195	740	0.092
196	330	0.196
196	435	0.119
196	723	0.173
197	120	0.112
197	258	0.205
197	365	0.134
198	184	0.126
198	206	0.195
198	699	0.085
199	22	0.142
199	32	0.173
199	393	0.092
199	649	0.160
200	313	0.146
200	406	0.209
200	479	0.080
201	128	0.058
201	207	0.056
201	309	0.289
201	492	0.148
202	358	0.263
202	460	0.251
202	658	0.229
203	107	0.263
203	569	0.182
203	588	0.146
203	687	0.264
204	338	0.253
204	438	0.144
204	700	0.167
204	724	0.072
205	56	0.136
205	494	0.286
205	587	0.107
206	184	0.175
206	198	0.202
206	699	0.227
207	131	0.265
207	201	0.267
207	309	0.161
208	128	0.059
208	172	0.079
208	336	0.123
208	697	0.278
209	154	0.057
209	339	0.203
209	372	0.286
209	750	0.177
210	123	0.098
210	236	0.208
210	287	0.113
211	25	0.209
211	222	0.238
211	426	0.142
211	572	0.101
212	36	0.076
212	164	0.106
212	424	0.259
212	626	0.223
213	216	0.161
213	411	0.165
213	573	0.076
213	709	0.236
214	192	0.079
214	269	0.197
214	701	0.119
215	188	0.120
215	463	0.298
215	527	0.194
215	662	0.073
216	213	0.175
216	452	0.206
216	566	0.180
217	18	0.225
217	643	0.294
217	686	0.232
218	73	0.052
218	559	0.251
218	713	0.063
219	308	0.102
219	382	0.157
219	496	0.162
220	149	0.190
220	431	0.135
220	603	0.055
221	77	0.256
221	381	0.073
221	478	0.122
222	25	0.280
222	132	0.062
222	211	0.050
222	394	0.081
222	405	0.217
223	181	0.272
223	369	0.256
223	593	0.279
223	731	0.164
224	182	0.051
224	302	0.250
224	681	0.205
225	299	0.181
225	316	0.106
225	321	0.053
226	286	0.181
226	352	0.072
226	506	0.105
227	136	0.134
227	547	0.180
227	599	0.081
227	610	0.060
227	739	0.204
228	108	0.164
228	183	0.162
228	452	0.124
228	573	0.170
229	163	0.142
229	234	0.082
229	351	0.092
229	453	0.283
230	341	0.181
230	631	0.276
230	640	0.280
231	322	0.143
231	611	0.151
231	664	0.103
232	88	0.109
232	470	0.186
232	612	0.064
233	34	0.240
233	507	0.115
233	693	0.157
234	229	0.253
234	347	0.077
234	349	0.114
234	532	0.258
235	69	0.211
235	186	0.268
235	398	0.267
235	434	0.199
235	500	0.121
236	27	0.109
236	123	0.228
236	210	0.277
236	287	0.052
237	278	0.071
237	314	0.288
237	460	0.084
237	597	0.133
238	24	0.077
238	427	0.085
238	522	0.181
238	641	0.210
238	715	0.131
239	291	0.151
239	378	0.151
239	645	0.103
239	690	0.110
239	731	0.174
240	40	0.052
240	489	0.190
240	674	0.158
241	291	0.293
241	446	0.248
241	574	0.062
242	54	0.184
242	450	0.054
242	462	0.118
242	534	0.121
243	271	0.126
243	329	0.190
243	592	0.242
244	325	0.202
244	368	0.198
244	738	0.121
245	330	0.222
245	477	0.282
245	516	0.243
245	576	0.220
245	614	0.245
246	386	0.052
246	564	0.089
246	726	0.113
247	138	0.131
247	633	0.241
247	727	0.122
248	118	0.222
248	493	0.227
248	539	0.187
248	624	0.224
248	628	0.294
249	187	0.208
249	399	0.241
249	639	0.108
250	8	0.274
250	98	0.196
250	497	0.106
251	87	0.079
251	359	0.145
251	678	0.242
252	79	0.203
252	340	0.258
252	476	0.159
252	499	0.198
252	501	0.241
253	127	0.289
253	558	0.093
253	589	0.233
254	326	0.258
254	548	0.223
254	637	0.203
254	683	0.125
255	257	0.075
255	609	0.274
255	748	0.275
256	333	0.174
256	560	0.194
256	596	0.059
257	255	0.159
257	609	0.093
257	748	0.208
258	14	0.061
258	122	0.105
258	197	0.130
259	73	0.268
259	396	0.191
259	559	0.230
260	31	0.173
260	414	0.089
260	546	0.294
260	684	0.136
261	15	0.109
261	132	0.115
261	160	0.052
262	56	0.060
262	145	0.221
262	317	0.145
263	514	0.146
263	568	0.196
263	750	0.157
264	472	0.278
264	578	0.140
264	592	0.075
265	348	0.099
265	544	0.228
265	585	0.103
266	57	0.105
266	350	0.193
266	429	0.148
267	343	0.085
267	492	0.050
267	527	0.144
267	722	0.161
268	86	0.134
268	120	0.077
268	131	0.289
268	275	0.227
268	659	0.118
269	214	0.261
269	701	0.113
269	713	0.200
270	116	0.183
270	660	0.102
270	724	0.083
271	243	0.066
271	329	0.062
271	344	0.116
271	632	0.155
272	525	0.279
272	545	0.261
272	580	0.291
273	172	0.162
273	336	0.054
273	744	0.212
274	26	0.180
274	29	0.234
274	106	0.242
274	114	0.118
274	458	0.172
275	85	0.160
275	86	0.122
275	131	0.212
275	268	0.132
275	659	0.243
276	378	0.162
276	690	0.180
276	731	0.075
277	383	0.161
277	528	0.169
277	706	0.177
278	237	0.053
278	314	0.233
278	459	0.079
278	460	0.255
278	580	0.255
279	337	0.222
279	494	0.243
279	675	0.209
280	74	0.178
280	77	0.175
280	541	0.222
281	96	0.139
281	430	0.279
281	520	0.265
281	602	0.060
282	285	0.280
282	623	0.251
282	701	0.109
283	44	0.294
283	324	0.055
283	467	0.132
283	581	0.194
284	97	0.206
284	672	0.212
284	691	0.290
285	194	0.212
285	282	0.266
285	623	0.068
286	167	0.098
286	226	0.226
286	506	0.114
287	210	0.185
287	236	0.280
287	319	0.219
288	451	0.118
288	529	0.271
288	652	0.141
288	737	0.090
289	100	0.104
289	395	0.240
289	410	0.130
290	9	0.146
290	38	0.083
290	125	0.217
290	375	0.092
290	653	0.105
291	239	0.174
291	241	0.205
291	446	0.172
292	439	0.215
292	536	0.297
292	553	0.283
292	728	0.296
293	39	0.190
293	298	0.178
293	540	0.282
294	60	0.066
294	193	0.241
294	510	0.203
294	511	0.202
294	662	0.200
295	300	0.223
295	407	0.294
295	447	0.260
295	702	0.200
296	97	0.094
296	672	0.222
296	691	0.230
297	62	0.136
297	346	0.176
297	417	0.124
297	444	0.069
298	153	0.170
298	293	0.108
298	540	0.296
299	225	0.074
299	316	0.102
299	548	0.081
300	295	0.174
300	374	0.110
300	533	0.165
301	402	0.273
301	428	0.245
301	577	0.285
301	638	0.227
302	182	0.089
302	224	0.231
302	369	0.056
303	428	0.113
303	441	0.155
303	482	0.064
303	503	0.057
304	180	0.249
304	517	0.168
304	559	0.288
305	89	0.186
305	418	0.233
305	714	0.280
306	61	0.139
306	80	0.124
306	312	0.178
306	411	0.236
306	711	0.205
307	2	0.243
307	28	0.269
307	119	0.294
308	219	0.126
308	496	0.079
308	504	0.282
308	591	0.125
309	128	0.166
309	182	0.284
309	201	0.208
309	207	0.149
310	80	0.204
310	618	0.053
310	637	0.229
311	161	0.276
311	357	0.050
311	408	0.213
311	473	0.257
312	80	0.262
312	306	0.273
312	711	0.209
313	200	0.144
313	479	0.126
313	565	0.171
313	629	0.297
313	668	0.244
314	237	0.152
314	278	0.249
314	340	0.150
314	459	0.127
314	460	0.169
315	52	0.228
315	697	0.200
315	744	0.198
316	225	0.226
316	299	0.170
316	712	0.111
317	145	0.062
317	262	0.162
317	579	0.069
318	82	0.125
318	528	0.170
318	605	0.165
319	287	0.088
319	576	0.288
319	614	0.250
320	64	0.081
320	363	0.209
320	728	0.239
321	149	0.285
321	225	0.072
321	346	0.265
321	531	0.158
322	231	0.227
322	331	0.260
322	611	0.092
323	117	0.170
323	327	0.053
323	388	0.233
324	44	0.299
324	283	0.154
324	467	0.090
324	535	0.256
324	581	0.175
325	95	0.105
325	244	0.190
325	704	0.224
326	254	0.090
326	548	0.177
326	584	0.153
326	627	0.264
326	683	0.143
327	117	0.099
327	126	0.154
327	323	0.297
327	388	0.242
328	538	0.288
328	605	0.286
328	645	0.207
329	95	0.055
329	243	0.255
329	271	0.216
329	344	0.173
330	196	0.147
330	245	0.203
330	723	0.277
331	322	0.186
331	376	0.237
331	717	0.119
332	168	0.126
332	383	0.279
332	627	0.156
332	694	0.253
333	256	0.167
333	560	0.058
333	596	0.188
334	33	0.296
334	51	0.073
334	615	0.132
334	619	0.269
335	342	0.127
335	413	0.098
335	414	0.126
335	513	0.243
336	208	0.265
336	273	0.202
336	585	0.265
336	697	0.058
336	744	0.212
337	141	0.073
337	185	0.123
337	279	0.269
337	608	0.200
337	708	0.281
338	204	0.282
338	438	0.182
338	700	0.155
339	154	0.056
339	209	0.073
339	372	0.087
340	79	0.082
340	252	0.054
340	314	0.117
341	83	0.167
341	230	0.077
341	626	0.079
341	640	0.215
342	335	0.162
342	413	0.164
342	513	0.076
343	267	0.231
343	492	0.095
343	722	0.231
344	107	0.196
344	157	0.265
344	271	0.096
344	329	0.170
345	349	0.054
345	490	0.098
345	634	0.130
346	297	0.143
346	321	0.098
346	431	0.215
346	531	0.125
346	603	0.095
347	81	0.206
347	234	0.061
347	349	0.176
348	265	0.206
348	533	0.258
348	585	0.294
349	81	0.060
349	234	0.125
349	345	0.087
349	347	0.077
349	532	0.153
350	57	0.287
350	266	0.223
350	486	0.138
351	163	0.255
351	229	0.125
351	453	0.194
352	34	0.196
352	226	0.156
352	693	0.137
353	6	0.102
353	90	0.106
353	176	0.185
353	471	0.099
354	41	0.298
354	46	0.238
354	572	0.138
355	556	0.279
355	644	0.215
355	658	0.220
356	94	0.090
356	449	0.119
356	666	0.264
357	311	0.055
357	408	0.086
357	450	0.090
357	473	0.276
358	202	0.226
358	556	0.256
358	644	0.082
358	658	0.098
359	87	0.078
359	251	0.056
359	678	0.233
360	400	0.259
360	456	0.225
360	544	0.298
361	161	0.134
361	386	0.202
361	416	0.209
362	418	0.180
362	462	0.236
362	643	0.247
363	64	0.288
363	320	0.245
363	705	0.133
364	191	0.148
364	384	0.156
364	617	0.205
364	677	0.260
365	120	0.121
365	197	0.211
365	738	0.292
366	92	0.109
366	389	0.232
366	616	0.051
367	96	0.082
367	150	0.228
367	387	0.132
367	448	0.080
368	175	0.088
368	244	0.263
368	738	0.121
369	223	0.173
369	302	0.244
369	593	0.291
370	94	0.102
370	472	0.282
370	578	0.099
370	592	0.166
371	568	0.091
371	610	0.294
371	621	0.098
372	121	0.068
372	125	0.298
372	209	0.067
372	339	0.239
372	543	0.132
373	54	0.050
373	450	0.215
373	534	0.282
374	300	0.246
374	533	0.218
374	618	0.118
375	9	0.069
375	38	0.062
375	290	0.241
376	331	0.294
376	435	0.196
376	745	0.152
377	133	0.104
377	463	0.117
377	687	0.117
377	692	0.219
378	239	0.177
378	276	0.187
378	497	0.218
378	690	0.223
378	731	0.247
379	42	0.276
379	68	0.208
379	110	0.068
379	179	0.213
379	682	0.232
380	11	0.093
380	99	0.237
380	408	0.215
380	554	0.249
380	666	0.116
381	221	0.055
381	478	0.148
381	504	0.265
382	219	0.163
382	409	0.123
382	657	0.102
383	142	0.054
383	277	0.243
383	332	0.161
383	694	0.250
383	732	0.129
384	364	0.223
384	515	0.079
384	582	0.197
384	617	0.071
384	677	0.207
385	6	0.054
385	471	0.225
385	730	0.240
386	246	0.093
386	361	0.089
386	416	0.258
387	53	0.105
387	367	0.205
387	442	0.122
387	448	0.248
388	117	0.162
388	323	0.067
388	327	0.245
388	726	0.064
389	114	0.068
389	366	0.224
389	445	0.255
389	468	0.170
389	493	0.116
390	89	0.225
390	109	0.072
390	508	0.120
391	75	0.225
391	78	0.274
391	680	0.064
391	688	0.213
391	749	0.229
392	124	0.294
392	155	0.187
392	488	0.161
393	32	0.267
393	199	0.065
393	723	0.229
394	25	0.263
394	222	0.126
394	405	0.092
395	289	0.057
395	410	0.250
395	646	0.053
396	73	0.051
396	259	0.119
396	559	0.068
396	713	0.066
397	65	0.143
397	421	0.163
397	582	0.121
397	632	0.162
397	742	0.185
398	58	0.109
398	235	0.074
398	485	0.129
398	712	0.060
399	115	0.130
399	249	0.182
399	562	0.225
399	639	0.063
400	360	0.173
400	518	0.066
400	526	0.299
401	101	0.239
401	577	0.239
401	616	0.206
402	35	0.093
402	301	0.098
402	577	0.052
402	638	0.200
403	148	0.292
403	546	0.163
403	747	0.155
404	68	0.226
404	454	0.159
404	483	0.271
404	586	0.072
404	604	0.083
405	61	0.073
405	222	0.220
405	394	0.122
405	426	0.153
406	52	0.167
406	72	0.073
406	84	0.062
406	151	0.099
406	200	0.141
407	87	0.090
407	295	0.292
407	447	0.082
407	702	0.258
408	311	0.158
408	357	0.050
408	380	0.241
408	473	0.256
409	69	0.189
409	382	0.272
409	657	0.206
410	116	0.072
410	289	0.126
410	395	0.092
410	646	0.062
411	213	0.115
411	306	0.166
411	711	0.090
412	39	0.133
412	153	0.263
412	540	0.143
413	335	0.136
413	342	0.280
413	513	0.061
413	734	0.240
414	31	0.140
414	260	0.121
414	335	0.078
414	546	0.121
415	12	0.170
415	660	0.061
415	700	0.221
416	161	0.081
416	361	0.079
416	386	0.180
416	642	0.058
417	40	0.077
417	62	0.164
417	297	0.076
417	444	0.099
417	636	0.175
418	305	0.209
418	362	0.096
418	714	0.203
419	21	0.265
419	81	0.135
419	118	0.161
420	55	0.247
420	127	0.243
420	144	0.111
420	676	0.129
421	189	0.173
421	397	0.255
421	582	0.070
421	632	0.129
422	39	0.213
422	188	0.267
422	527	0.272
422	662	0.257
422	746	0.050
423	5	0.283
423	31	0.192
423	546	0.068
424	36	0.051
424	212	0.056
424	626	0.094
425	549	0.115
425	571	0.070
425	727	0.149
426	25	0.061
426	61	0.198
426	91	0.142
426	211	0.168
426	405	0.057
427	24	0.108
427	100	0.218
427	103	0.252
427	238	0.061
427	470	0.116
428	301	0.299
428	303	0.276
428	441	0.265
428	482	0.138
428	503	0.062
429	57	0.238
429	266	0.100
429	475	0.063
429	629	0.122
430	281	0.135
430	520	0.149
430	602	0.164
431	149	0.139
431	220	0.268
431	346	0.151
432	16	0.113
432	158	0.239
432	481	0.194
432	647	0.298
432	656	0.088
433	139	0.194
433	171	0.207
433	440	0.080
433	669	0.277
434	69	0.274
434	186	0.300
434	235	0.297
434	588	0.103
435	169	0.078
435	196	0.074
435	376	0.221
435	717	0.148
435	745	0.265
436	13	0.206
436	512	0.267
436	597	0.235
437	589	0.217
437	625	0.162
437	679	0.214
437	703	0.246
438	63	0.103
438	130	0.251
438	204	0.186
438	338	0.132
438	700	0.199
439	292	0.288
439	553	0.103
439	697	0.161
439	728	0.229
440	88	0.177
440	433	0.202
440	470	0.195
440	612	0.232
441	303	0.056
441	428	0.293
441	482	0.138
441	503	0.295
441	519	0.103
442	157	0.063
442	387	0.054
442	707	0.114
443	65	0.138
443	629	0.192
443	668	0.169
444	62	0.260
444	297	0.285
444	417	0.278
444	571	0.261
444	636	0.222
445	114	0.080
445	389	0.209
445	516	0.235
446	88	0.136
446	241	0.168
446	291	0.241
447	295	0.156
447	407	0.113
447	661	0.231
447	702	0.068
448	53	0.088
448	150	0.265
448	367	0.131
448	387	0.063
449	63	0.247
449	94	0.185
449	356	0.181
450	54	0.233
450	242	0.167
450	357	0.271
450	373	0.144
450	534	0.239
451	288	0.095
451	480	0.085
451	732	0.106
451	734	0.087
452	108	0.265
452	151	0.095
452	216	0.100
452	228	0.241
452	709	0.259
453	163	0.151
453	229	0.170
453	351	0.249
454	404	0.084
454	483	0.143
454	575	0.221
454	604	0.123
455	3	0.115
455	557	0.156
455	685	0.241
456	360	0.166
456	518	0.214
456	544	0.250
457	8	0.262
457	476	0.259
457	684	0.165
458	26	0.100
458	29	0.236
458	274	0.101
459	278	0.206
459	314	0.259
459	460	0.214
460	202	0.211
460	237	0.148
460	278	0.094
460	314	0.138
460	459	0.288
461	23	0.052
461	165	0.268
461	655	0.274
462	242	0.288
462	362	0.273
462	643	0.065
463	215	0.080
463	377	0.243
463	465	0.258
463	687	0.249
464	168	0.208
464	530	0.060
464	550	0.140
465	156	0.085
465	463	0.171
465	687	0.254
466	143	0.250
466	654	0.215
466	741	0.155
467	44	0.178
467	283	0.277
467	324	0.198
467	581	0.238
468	114	0.237
468	389	0.189
468	493	0.126
469	66	0.147
469	620	0.226
469	710	0.276
470	88	0.135
470	232	0.253
470	427	0.241
470	440	0.189
470	612	0.262
471	6	0.245
471	108	0.277
471	176	0.223
471	353	0.083
471	385	0.112
472	264	0.272
472	370	0.118
472	578	0.065
472	592	0.290
473	311	0.210
473	357	0.152
473	408	0.127
474	113	0.060
474	137	0.289
474	613	0.136
475	10	0.134
475	195	0.254
475	429	0.290
475	692	0.122
476	79	0.297
476	252	0.148
476	457	0.115
476	499	0.232
477	123	0.239
477	245	0.061
477	516	0.056
477	576	0.126
478	221	0.285
478	381	0.070
478	515	0.148
479	200	0.140
479	313	0.247
479	629	0.203
479	668	0.284
480	59	0.096
480	451	0.245
480	652	0.164
480	734	0.221
480	737	0.222
481	158	0.268
481	432	0.100
481	653	0.173
481	656	0.158
482	150	0.117
482	303	0.081
482	428	0.066
482	441	0.269
483	122	0.069
483	138	0.214
483	404	0.149
483	454	0.152
483	604	0.077
484	3	0.155
484	501	0.104
484	661	0.233
485	58	0.221
485	398	0.119
485	594	0.176
485	712	0.252
486	1	0.196
486	167	0.179
486	350	0.277
486	725	0.123
487	490	0.060
487	561	0.139
487	681	0.214
488	124	0.133
488	155	0.268
488	392	0.205
489	40	0.264
489	151	0.055
489	240	0.078
490	345	0.211
490	487	0.094
490	634	0.060
491	13	0.075
491	542	0.148
491	619	0.257
492	201	0.138
492	267	0.294
492	343	0.168
492	722	0.136
493	114	0.096
493	248	0.153
493	389	0.211
493	468	0.245
494	205	0.290
494	279	0.227
494	675	0.213
495	66	0.082
495	620	0.174
495	710	0.109
496	219	0.078
496	308	0.276
496	504	0.132
497	98	0.071
497	250	0.242
497	378	0.092
497	607	0.215
497	648	0.105
498	505	0.281
498	566	0.241
498	639	0.069
499	79	0.122
499	252	0.259
499	476	0.131
499	685	0.116
500	69	0.129
500	186	0.263
500	235	0.104
500	688	0.119
501	252	0.098
501	484	0.073
501	661	0.268
502	3	0.057
502	49	0.183
502	557	0.293
502	685	0.062
502	698	0.073
503	303	0.174
503	428	0.120
503	441	0.216
504	308	0.294
504	381	0.128
504	496	0.057
505	498	0.232
505	566	0.056
505	737	0.188
506	19	0.178
506	226	0.156
506	286	0.170
507	34	0.094
507	233	0.213
507	693	0.217
508	63	0.167
508	109	0.126
508	390	0.090
508	708	0.237
509	30	0.239
509	47	0.124
509	173	0.078
509	586	0.281
510	60	0.178
510	193	0.183
510	294	0.294
511	60	0.279
511	193	0.144
511	294	0.182
512	47	0.162
512	436	0.153
512	597	0.194
513	335	0.246
513	342	0.129
513	413	0.091
514	263	0.297
514	568	0.156
514	720	0.092
515	384	0.105
515	478	0.095
515	617	0.282
516	146	0.134
516	245	0.261
516	445	0.239
516	477	0.195
516	614	0.079
517	76	0.246
517	180	0.073
517	304	0.296
518	400	0.097
518	456	0.239
518	526	0.057
519	48	0.269
519	441	0.092
519	696	0.188
520	281	0.109
520	430	0.078
520	686	0.143
521	7	0.234
521	536	0.187
521	537	0.176
522	6	0.149
522	90	0.278
522	176	0.088
522	238	0.274
523	19	0.282
523	574	0.198
523	729	0.238
524	17	0.167
524	539	0.237
524	570	0.089
525	272	0.113
525	545	0.227
525	721	0.170
526	400	0.175
526	518	0.146
526	583	0.101
527	215	0.209
527	267	0.098
527	422	0.257
527	746	0.282
528	277	0.255
528	318	0.066
528	705	0.259
528	706	0.143
528	718	0.280
529	50	0.158
529	112	0.262
529	162	0.093
529	288	0.243
530	168	0.082
530	464	0.263
530	550	0.124
531	149	0.114
531	321	0.212
531	346	0.270
531	652	0.242
532	17	0.066
532	81	0.233
532	234	0.151
532	349	0.211
533	300	0.258
533	348	0.264
533	374	0.234
534	54	0.221
534	242	0.218
534	373	0.139
534	450	0.284
535	71	0.210
535	324	0.125
535	551	0.217
535	664	0.128
536	7	0.055
536	292	0.119
536	521	0.141
537	7	0.139
537	62	0.215
537	521	0.063
538	328	0.245
538	645	0.105
538	667	0.128
539	67	0.215
539	248	0.201
539	524	0.279
539	590	0.138
539	624	0.185
540	177	0.051
540	293	0.239
540	298	0.255
540	412	0.153
540	668	0.060
541	74	0.104
541	77	0.053
541	280	0.224
541	587	0.123
542	13	0.244
542	491	0.207
542	747	0.071
543	121	0.093
543	154	0.259
543	372	0.054
544	265	0.180
544	360	0.179
544	456	0.217
545	272	0.107
545	525	0.248
545	580	0.253
545	721	0.257
546	260	0.269
546	403	0.255
546	414	0.124
546	423	0.256
546	552	0.093
547	136	0.096
547	227	0.163
547	706	0.113
547	739	0.093
548	254	0.155
548	299	0.084
548	326	0.294
548	584	0.292
548	683	0.128
549	425	0.098
549	571	0.172
549	665	0.223
549	727	0.171
550	168	0.085
550	464	0.071
550	530	0.290
550	607	0.159
551	71	0.075
551	535	0.120
551	664	0.158
552	5	0.113
552	546	0.178
552	646	0.069
553	292	0.221
553	439	0.065
553	728	0.242
554	11	0.296
554	99	0.196
554	380	0.217
555	70	0.057
555	147	0.131
555	635	0.207
556	355	0.109
556	358	0.099
556	658	0.237
557	3	0.071
557	83	0.155
557	455	0.186
557	502	0.159
557	698	0.135
558	103	0.152
558	253	0.105
558	589	0.288
559	73	0.267
559	218	0.278
559	259	0.291
559	304	0.287
559	396	0.168
560	256	0.082
560	333	0.216
560	596	0.153
561	181	0.095
561	487	0.230
561	681	0.114
562	191	0.164
562	399	0.235
562	667	0.121
563	4	0.110
563	175	0.069
563	601	0.167
563	735	0.175
564	161	0.083
564	246	0.076
564	726	0.230
565	27	0.163
565	183	0.179
565	313	0.148
566	216	0.058
566	498	0.281
566	505	0.167
567	20	0.156
567	93	0.271
567	694	0.156
568	263	0.086
568	371	0.114
568	514	0.069
568	750	0.207
569	107	0.080
569	203	0.130
569	588	0.191
570	17	0.213
570	524	0.232
570	651	0.195
571	425	0.213
571	444	0.279
571	549	0.291
572	41	0.124
572	46	0.188
572	211	0.172
572	354	0.121
573	108	0.233
573	213	0.058
573	228	0.070
573	709	0.116
573	740	0.216
574	19	0.086
574	241	0.255
574	523	0.178
575	156	0.171
575	454	0.141
575	591	0.197
576	82	0.071
576	146	0.256
576	245	0.084
576	319	0.216
576	477	0.108
577	301	0.052
577	401	0.290
577	402	0.201
577	595	0.085
577	638	0.141
578	172	0.138
578	264	0.200
578	370	0.292
578	472	0.212
578	592	0.118
579	78	0.098
579	129	0.270
579	317	0.051
579	601	0.134
580	272	0.223
580	278	0.128
580	545	0.247
580	721	0.224
581	44	0.261
581	136	0.125
581	283	0.279
581	324	0.199
581	467	0.149
582	45	0.221
582	384	0.130
582	397	0.244
582	421	0.259
582	742	0.242
583	526	0.086
583	596	0.149
583	720	0.276
583	750	0.150
584	68	0.121
584	326	0.125
584	548	0.101
584	683	0.166
585	265	0.084
585	336	0.246
585	348	0.220
586	404	0.263
586	509	0.060
586	604	0.182
587	56	0.175
587	205	0.066
587	541	0.203
588	107	0.270
588	203	0.084
588	434	0.086
588	569	0.132
589	253	0.120
589	437	0.095
589	558	0.170
590	67	0.264
590	539	0.292
590	628	0.203
591	156	0.174
591	308	0.243
591	575	0.195
592	243	0.213
592	264	0.212
592	370	0.272
592	472	0.238
592	578	0.242
593	181	0.185
593	223	0.144
593	369	0.178
594	111	0.138
594	485	0.286
594	642	0.155
594	716	0.204
595	577	0.250
595	604	0.057
595	638	0.106
596	256	0.266
596	333	0.183
596	560	0.249
596	583	0.295
597	237	0.209
597	436	0.230
597	512	0.071
598	102	0.081
598	126	0.188
598	606	0.170
599	136	0.132
599	227	0.174
599	739	0.209
600	190	0.124
600	671	0.262
600	736	0.073
601	78	0.175
601	129	0.136
601	563	0.065
601	579	0.249
602	34	0.282
602	281	0.082
602	430	0.065
603	22	0.084
603	220	0.204
603	346	0.104
604	404	0.228
604	454	0.179
604	483	0.264
604	586	0.079
604	595	0.276
605	82	0.159
605	318	0.219
605	328	0.233
606	126	0.229
606	598	0.112
606	649	0.096
607	98	0.179
607	497	0.212
607	550	0.125
607	648	0.134
608	141	0.063
608	185	0.099
608	337	0.175
608	708	0.281
609	190	0.116
609	255	0.153
609	257	0.178
609	748	0.116
610	227	0.269
610	371	0.225
610	621	0.267
611	64	0.279
611	231	0.291
611	322	0.214
612	193	0.271
612	232	0.207
612	440	0.096
612	470	0.085
612	698	0.290
613	113	0.062
613	137	0.217
613	474	0.190
614	146	0.079
614	245	0.157
614	319	0.235
614	516	0.185
615	334	0.074
615	729	0.172
615	736	0.127
616	92	0.143
616	101	0.117
616	366	0.214
616	401	0.194
617	23	0.242
617	364	0.285
617	384	0.228
617	515	0.142
617	677	0.064
618	310	0.274
618	374	0.265
618	637	0.131
619	33	0.151
619	51	0.083
619	334	0.158
619	491	0.292
620	469	0.054
620	495	0.068
620	710	0.190
621	186	0.177
621	371	0.291
621	610	0.273
622	140	0.052
622	636	0.191
622	682	0.122
623	194	0.149
623	282	0.234
623	285	0.150
624	67	0.126
624	248	0.068
624	539	0.102
624	628	0.076
625	437	0.289
625	679	0.109
625	703	0.273
626	36	0.281
626	164	0.258
626	212	0.214
626	341	0.206
626	424	0.110
627	111	0.153
627	142	0.087
627	326	0.075
627	332	0.061
627	732	0.091
628	67	0.251
628	248	0.059
628	590	0.079
628	624	0.067
629	65	0.243
629	313	0.100
629	429	0.273
629	443	0.183
629	479	0.136
630	178	0.243
630	641	0.147
630	650	0.076
631	83	0.083
631	230	0.292
631	640	0.161
632	45	0.287
632	271	0.228
632	397	0.183
632	421	0.157
633	134	0.068
633	138	0.071
633	247	0.091
633	744	0.215
634	98	0.112
634	345	0.144
634	490	0.273
635	70	0.285
635	104	0.281
635	555	0.165
636	417	0.289
636	444	0.277
636	622	0.195
637	254	0.110
637	310	0.108
637	618	0.075
638	6	0.085
638	301	0.156
638	402	0.100
638	577	0.111
638	595	0.228
639	115	0.138
639	249	0.274
639	399	0.264
639	498	0.150
639	719	0.270
640	230	0.265
640	341	0.116
640	631	0.158
640	673	0.275
641	178	0.225
641	238	0.106
641	630	0.125
641	650	0.150
642	111	0.283
642	416	0.065
642	594	0.258
642	716	0.283
643	217	0.135
643	362	0.226
643	462	0.222
644	355	0.193
644	358	0.174
644	646	0.143
644	720	0.238
645	239	0.274
645	328	0.187
645	538	0.050
646	395	0.157
646	410	0.296
646	552	0.264
646	644	0.230
647	134	0.107
647	158	0.178
647	432	0.176
647	653	0.168
647	656	0.200
648	98	0.067
648	192	0.196
648	497	0.096
648	607	0.284
649	35	0.117
649	126	0.122
649	199	0.063
649	606	0.265
650	9	0.076
650	630	0.175
650	641	0.112
651	37	0.189
651	570	0.069
651	743	0.088
652	288	0.091
652	480	0.292
652	531	0.175
652	734	0.058
652	737	0.161
653	290	0.116
653	481	0.188
653	647	0.212
654	192	0.054
654	466	0.060
654	730	0.284
655	23	0.277
655	165	0.226
655	461	0.097
656	16	0.243
656	432	0.136
656	481	0.081
656	647	0.278
656	675	0.230
657	170	0.237
657	382	0.066
657	409	0.097
658	165	0.298
658	202	0.166
658	355	0.226
658	358	0.261
658	556	0.195
659	86	0.191
659	268	0.230
659	275	0.297
660	12	0.146
660	270	0.292
660	415	0.089
661	447	0.150
661	484	0.119
661	501	0.269
662	215	0.167
662	294	0.169
662	422	0.118
662	746	0.191
663	50	0.097
663	112	0.190
663	135	0.210
663	162	0.116
664	71	0.147
664	231	0.234
664	535	0.178
664	551	0.179
665	105	0.194
665	159	0.240
665	549	0.130
665	733	0.199
666	11	0.222
666	99	0.173
666	356	0.061
666	380	0.058
667	191	0.083
667	538	0.149
667	562	0.175
668	313	0.260
668	443	0.163
668	479	0.158
668	540	0.186
669	139	0.069
669	171	0.222
669	433	0.150
670	45	0.106
670	59	0.132
670	135	0.221
670	189	0.076
671	83	0.137
671	190	0.255
671	600	0.240
672	97	0.273
672	284	0.064
672	296	0.240
672	691	0.247
673	43	0.220
673	640	0.133
673	698	0.106
674	152	0.068
674	170	0.195
674	174	0.191
674	240	0.235
674	730	0.289
675	279	0.287
675	494	0.261
675	656	0.130
676	55	0.136
676	144	0.082
676	420	0.235
677	117	0.294
677	364	0.196
677	384	0.288
677	617	0.295
678	87	0.155
678	251	0.254
678	359	0.206
679	437	0.177
679	625	0.261
679	703	0.251
680	75	0.250
680	391	0.160
680	688	0.057
680	749	0.148
681	224	0.297
681	487	0.099
681	561	0.233
682	140	0.168
682	379	0.194
682	622	0.056
683	254	0.296
683	326	0.063
683	548	0.165
683	584	0.066
684	8	0.112
684	260	0.128
684	457	0.050
685	3	0.087
685	455	0.202
685	499	0.221
685	502	0.063
685	698	0.125
686	18	0.159
686	217	0.260
686	520	0.132
687	203	0.065
687	377	0.253
687	463	0.206
687	465	0.149
688	75	0.238
688	391	0.142
688	500	0.209
688	680	0.282
688	749	0.052
689	26	0.068
689	29	0.084
689	106	0.197
690	239	0.105
690	276	0.207
690	378	0.155
690	731	0.089
691	97	0.297
691	284	0.066
691	296	0.105
691	672	0.247
692	166	0.177
692	195	0.286
692	377	0.133
692	475	0.170
692	740	0.248
693	34	0.125
693	178	0.215
693	233	0.112
693	352	0.285
693	507	0.202
694	142	0.093
694	332	0.164
694	383	0.220
694	567	0.083
694	732	0.135
695	2	0.226
695	28	0.176
695	119	0.233
696	48	0.250
696	76	0.299
696	519	0.209
697	208	0.056
697	315	0.138
697	336	0.118
697	439	0.170
698	502	0.206
698	557	0.194
698	612	0.265
698	673	0.064
698	685	0.204
699	184	0.278
699	198	0.258
699	206	0.115
700	63	0.237
700	204	0.088
700	338	0.234
700	415	0.121
700	438	0.191
701	214	0.283
701	269	0.245
701	282	0.163
702	295	0.290
702	407	0.118
702	447	0.151
703	437	0.110
703	625	0.205
703	679	0.190
704	95	0.141
704	129	0.114
704	325	0.264
705	363	0.068
705	528	0.150
705	706	0.284
705	718	0.241
706	277	0.272
706	528	0.251
706	547	0.173
706	705	0.289
706	718	0.271
707	142	0.253
707	157	0.165
707	442	0.270
708	141	0.103
708	148	0.219
708	337	0.165
708	508	0.122
708	608	0.219
709	213	0.290
709	452	0.198
709	573	0.114
710	66	0.098
710	469	0.086
710	495	0.231
710	620	0.118
710	716	0.163
711	80	0.187
711	306	0.081
711	312	0.194
711	411	0.208
712	58	0.137
712	316	0.083
712	398	0.083
712	485	0.150
713	73	0.244
713	218	0.271
713	269	0.224
713	396	0.112
714	149	0.090
714	305	0.124
714	418	0.191
715	100	0.226
715	103	0.155
715	238	0.216
716	111	0.132
716	133	0.088
716	594	0.104
716	642	0.144
716	710	0.213
717	169	0.142
717	331	0.286
717	435	0.095
718	528	0.080
718	705	0.260
718	706	0.285
719	115	0.267
719	187	0.095
719	639	0.203
720	514	0.242
720	583	0.062
720	644	0.108
720	750	0.103
721	28	0.193
721	525	0.116
721	545	0.075
721	580	0.241
722	267	0.261
722	343	0.101
722	492	0.183
723	196	0.227
723	330	0.063
723	393	0.241
724	91	0.161
724	116	0.209
724	204	0.115
724	270	0.101
725	1	0.097
725	130	0.243
725	167	0.216
725	486	0.214
726	161	0.181
726	246	0.191
726	388	0.243
726	564	0.222
727	247	0.142
727	425	0.183
727	549	0.062
728	292	0.205
728	320	0.261
728	439	0.299
728	553	0.069
729	523	0.284
729	615	0.286
729	736	0.128
730	152	0.254
730	192	0.070
730	385	0.098
730	654	0.169
730	674	0.127
731	223	0.160
731	239	0.227
731	276	0.118
731	378	0.193
731	690	0.126
732	142	0.291
732	383	0.296
732	451	0.183
732	627	0.226
732	694	0.272
733	105	0.283
733	159	0.240
733	665	0.174
734	413	0.260
734	451	0.225
734	480	0.235
734	652	0.273
734	737	0.141
735	4	0.225
735	175	0.219
735	176	0.160
735	563	0.152
736	600	0.298
736	615	0.190
736	729	0.216
737	288	0.091
737	480	0.230
737	505	0.284
737	652	0.100
737	734	0.153
738	244	0.277
738	365	0.206
738	368	0.222
739	136	0.061
739	227	0.144
739	547	0.065
739	599	0.251
740	10	0.181
740	166	0.116
740	195	0.150
740	573	0.159
740	692	0.290
741	10	0.100
741	143	0.139
741	466	0.292
742	45	0.171
742	397	0.120
742	582	0.135
743	32	0.202
743	37	0.264
743	651	0.089
744	273	0.194
744	315	0.198
744	336	0.131
744	633	0.057
745	169	0.057
745	376	0.121
745	435	0.083
746	92	0.255
746	188	0.194
746	422	0.207
746	527	0.261
746	662	0.233
747	148	0.296
747	403	0.093
747	542	0.125
748	255	0.211
748	257	0.148
748	609	0.117
749	391	0.092
749	680	0.234
749	688	0.135
750	209	0.144
750	263	0.172
750	568	0.090
750	583	0.246
750	720	0.173
